function mpc = case39b_30a
% This case is an adaptation of the IEEE 39 bus test system.
% For this test case we conserve IEEE's branches data and generators
% limits. But we modify generators cost function coefficients. 
% Active power loads at nodes are replaced by flexible agents, represented here as
% negtive active power producers - which are flexible too. Lower and upper
% bounds of these new generators corresponds to 10% and 150% of the IEEE test system 
% active power load at nodes.
% Areas are reshaped in another way - in 4 zones. So Bus' areas are different from the
% IEEE test system.
%  
% For now, ntil further needs, reactive power loads at nodes are
% maintained - but are not used (the benchmark using DC-OPF formulation).

%% Based on MATPOWER Case Format : Version 2
mpc.version = '2';

%%-----  Power Flow Data  -----%%
%% system MVA base
mpc.baseMVA = 100;

%% bus data
%	bus_i	type	Pd	Qd	Gs	Bs	area	Vm	Va	baseKV	zone	Vmax	Vmin
mpc.bus = [
	1	1	0	44.2	0	0	1	1.0393836	-13.536602	345	1	1.06	0.94;
	2	1	0	0	0	0	1	1.0484941	-9.7852666	345	1	1.06	0.94;
	3	1	0	2.4	0	0	1	1.0307077	-12.276384	345	1	1.06	0.94;
	4	1	0	184	0	0	3	1.00446	-12.626734	345	1	1.06	0.94;
	5	1	0	0	0	0	3	1.0060063	-11.192339	345	1	1.06	0.94;
	6	1	0	0	0	0	3	1.0082256	-10.40833	345	1	1.06	0.94;
	7	1	0	84	0	0	3	0.99839728	-12.755626	345	1	1.06	0.94;
	8	1	0	176.6	0	0	3	0.99787232	-13.335844	345	1	1.06	0.94;
	9	1	0	-66.6	0	0	3	1.038332	-14.178442	345	1	1.06	0.94;
	10	1	0	0	0	0	3	1.0178431	-8.170875	345	1	1.06	0.94;
	11	1	0	0	0	0	3	1.0133858	-8.9369663	345	1	1.06	0.94;
	12	1	0	88	0	0	3	1.000815	-8.9988236	345	1	1.06	0.94;
	13	1	0	0	0	0	3	1.014923	-8.9299272	345	1	1.06	0.94;
	14	1	0	0	0	0	3	1.012319	-10.715295	345	1	1.06	0.94;
	15	1	0	153	0	0	4	1.0161854	-11.345399	345	1	1.06	0.94;
	16	1	0	32.3	0	0	4	1.0325203	-10.033348	345	1	1.06	0.94;
	17	1	0	0	0	0	4	1.0342365	-11.116436	345	1	1.06	0.94;
	18	1	0	30	0	0	1	1.0315726	-11.986168	345	1	1.06	0.94;
	19	1	0	0	0	0	4	1.0501068	-5.4100729	345	1	1.06	0.94;
	20	1	0	103	0	0	4	0.99101054	-6.8211783	345	1	1.06	0.94;
	21	1	0	115	0	0	4	1.0323192	-7.6287461	345	1	1.06	0.94;
	22	1	0	0	0	0	4	1.0501427	-3.1831199	345	1	1.06	0.94;
	23	1	0	84.6	0	0	4	1.0451451	-3.3812763	345	1	1.06	0.94;
	24	1	0	-92.2	0	0	4	1.038001	-9.9137585	345	1	1.06	0.94;
	25	1	0	47.2	0	0	1	1.0576827	-8.3692354	345	1	1.06	0.94;
	26	1	0	17	0	0	2	1.0525613	-9.4387696	345	1	1.06	0.94;
	27	1	0	75.5	0	2	2	1.0383449	-11.362152	345	1	1.06	0.94;
	28	1	0	27.6	0	0	2	1.0503737	-5.9283592	345	1	1.06	0.94;
	29	1	0	26.9	0	0	2	1.0501149	-3.1698741	345	1	1.06	0.94;
	30	2	0	0	0	0	1	1.0499	-7.3704746	345	1	1.06	0.94;
	31	3	0	4.6	0	0	3	0.982	0	345	1	1.06	0.94;
	32	2	0	0	0	0	3	0.9841	-0.1884374	345	1	1.06	0.94;
	33	2	0	0	0	0	4	0.9972	-0.19317445	345	1	1.06	0.94;
	34	2	0	0	0	0	4	1.0123	-1.631119	345	1	1.06	0.94;
	35	2	0	0	0	0	4	1.0494	1.7765069	345	1	1.06	0.94;
	36	2	0	0	0	0	4	1.0636	4.4684374	345	1	1.06	0.94;
	37	2	0	0	0	0	1	1.0275	-1.5828988	345	1	1.06	0.94;
	38	2	0	0	0	0	2	1.0265	3.8928177	345	1	1.06	0.94;
	39	2	0	250	0	0	1	1.03	-14.535256	345	1	1.06	0.94;
];


% With an additional zone
mpc.bus_add = [
	1	1	0	44.2	0	0	1	1.0393836	-13.536602	345	1	1.06	0.94;
	2	1	0	0	0	0	1	1.0484941	-9.7852666	345	1	1.06	0.94;
	3	1	0	2.4	0	0	1	1.0307077	-12.276384	345	1	1.06	0.94;
	4	1	0	184	0	0	3	1.00446	-12.626734	345	1	1.06	0.94;
	5	1	0	0	0	0	3	1.0060063	-11.192339	345	1	1.06	0.94;
	6	1	0	0	0	0	3	1.0082256	-10.40833	345	1	1.06	0.94;
	7	1	0	84	0	0	3	0.99839728	-12.755626	345	1	1.06	0.94;
	8	1	0	176.6	0	0	3	0.99787232	-13.335844	345	1	1.06	0.94;
	9	1	0	-66.6	0	0	3	1.038332	-14.178442	345	1	1.06	0.94;
	10	1	0	0	0	0	3	1.0178431	-8.170875	345	1	1.06	0.94;
	11	1	0	0	0	0	3	1.0133858	-8.9369663	345	1	1.06	0.94;
	12	1	0	88	0	0	3	1.000815	-8.9988236	345	1	1.06	0.94;
	13	1	0	0	0	0	3	1.014923	-8.9299272	345	1	1.06	0.94;
	14	1	0	0	0	0	3	1.012319	-10.715295	345	1	1.06	0.94;
	15	1	0	153	0	0	4	1.0161854	-11.345399	345	1	1.06	0.94;
	16	1	0	32.3	0	0	4	1.0325203	-10.033348	345	1	1.06	0.94;
	17	1	0	0	0	0	4	1.0342365	-11.116436	345	1	1.06	0.94;
	18	1	0	30	0	0	1	1.0315726	-11.986168	345	1	1.06	0.94;
	19	1	0	0	0	0	5	1.0501068	-5.4100729	345	1	1.06	0.94;
	20	1	0	103	0	0	5	0.99101054	-6.8211783	345	1	1.06	0.94;
	21	1	0	115	0	0	4	1.0323192	-7.6287461	345	1	1.06	0.94;
	22	1	0	0	0	0	4	1.0501427	-3.1831199	345	1	1.06	0.94;
	23	1	0	84.6	0	0	4	1.0451451	-3.3812763	345	1	1.06	0.94;
	24	1	0	-92.2	0	0	4	1.038001	-9.9137585	345	1	1.06	0.94;
	25	1	0	47.2	0	0	1	1.0576827	-8.3692354	345	1	1.06	0.94;
	26	1	0	17	0	0	2	1.0525613	-9.4387696	345	1	1.06	0.94;
	27	1	0	75.5	0	2	2	1.0383449	-11.362152	345	1	1.06	0.94;
	28	1	0	27.6	0	0	2	1.0503737	-5.9283592	345	1	1.06	0.94;
	29	1	0	26.9	0	0	2	1.0501149	-3.1698741	345	1	1.06	0.94;
	30	2	0	0	0	0	1	1.0499	-7.3704746	345	1	1.06	0.94;
	31	3	0	4.6	0	0	3	0.982	0	345	1	1.06	0.94;
	32	2	0	0	0	0	3	0.9841	-0.1884374	345	1	1.06	0.94;
	33	2	0	0	0	0	5	0.9972	-0.19317445	345	1	1.06	0.94;
	34	2	0	0	0	0	5	1.0123	-1.631119	345	1	1.06	0.94;
	35	2	0	0	0	0	4	1.0494	1.7765069	345	1	1.06	0.94;
	36	2	0	0	0	0	4	1.0636	4.4684374	345	1	1.06	0.94;
	37	2	0	0	0	0	1	1.0275	-1.5828988	345	1	1.06	0.94;
	38	2	0	0	0	0	2	1.0265	3.8928177	345	1	1.06	0.94;
	39	2	0	250	0	0	1	1.03	-14.535256	345	1	1.06	0.94;
];

%% generator data
%	bus	Pg	Qg	Qmax	Qmin	Vg	mBase	status	Pmax	Pmin	Pc1	Pc2	Qc1min	Qc1max	Qc2min	Qc2max	ramp_agc	ramp_10	ramp_30	ramp_q	apf
mpc.gen = [
    1   -146  0	0	0	0	0	1  0   -146.4  0	0	0	0	0	0	0	0	0	0	0;
    3   -483  0	0	0	0	0	1  0   -483    0	0	0	0	0	0	0	0	0	0	0;
    4   -750  0	0	0	0	0	1  0   -750    0	0	0	0	0	0	0	0	0	0	0;
    7   -350  0	0	0	0	0	1  0   -350.7  0	0	0	0	0	0	0	0	0	0	0;
    8   -783  0	0	0	0	0	1  0   -783    0	0	0	0	0	0	0	0	0	0	0;
    9   -9    0	0	0	0	0	1  0   -9.8    0	0	0	0	0	0	0	0	0	0	0;
    12  -12   0	0	0	0	0	1  0   -12.8   0	0	0	0	0	0	0	0	0	0	0;
    15  -480  0	0	0	0	0	1  0   -480    0	0	0	0	0	0	0	0	0	0	0;
    16  -493  0	0	0	0	0	1  0   -493.5  0	0	0	0	0	0	0	0	0	0	0;
    18  -237  0	0	0	0	0	1  0   -237    0	0	0	0	0	0	0	0	0	0	0;
    20  -1020 0	0	0	0	0	1  0   -1020   0	0	0	0	0	0	0	0	0	0	0;
    21  -411  0	0	0	0	0	1  0   -411    0	0	0	0	0	0	0	0	0	0	0;
    23  -371  0	0	0	0	0	1  0   -371.3  0	0	0	0	0	0	0	0	0	0	0;
    24  -462  0	0	0	0	0	1  0   -462.9  0	0	0	0	0	0	0	0	0	0	0;
    25  -336  0	0	0	0	0	1  0   -336    0	0	0	0	0	0	0	0	0	0	0;
    26  -208  0	0	0	0	0	1  0   -208.5  0	0	0	0	0	0	0	0	0	0	0;
    27  -421  0	0	0	0	0	1  0   -421.5  0	0	0	0	0	0	0	0	0	0	0;
    28  -309  0	0	0	0	0	1  0   -309    0	0	0	0	0	0	0	0	0	0	0;
    29  -425  0	0	0	0	0	1  0   -425.3  0	0	0	0	0	0	0	0	0	0	0;
    31  -13   0	0	0	0	0	1  0   -13.8   0	0	0	0	0	0	0	0	0	0	0;
    39  -1656 0	0	0	0	0	1  0   -1656   0	0	0	0	0	0	0	0	0	0	0;
    30	250	161.762	400	140	1.0499	100	1	1040	0	0	0	0	0	0	0	0	0	0	0	0;
	31	677.871	221.574	300	-100	0.982	100	1	646	0	0	0	0	0	0	0	0	0	0	0	0;
	32	650	206.965	300	150	0.9841	100	1	725	0	0	0	0	0	0	0	0	0	0	0	0;
	33	632	108.293	250	0	0.9972	100	1	652	0	0	0	0	0	0	0	0	0	0	0	0;
	34	508	166.688	167	0	1.0123	100	1	508	0	0	0	0	0	0	0	0	0	0	0	0;
	35	650	210.661	300	-100	1.0494	100	1	687	0	0	0	0	0	0	0	0	0	0	0	0;
	36	560	100.165	240	0	1.0636	100	1	580	0	0	0	0	0	0	0	0	0	0	0	0;
	37	540	-1.36945	250	0	1.0275	100	1	564	0	0	0	0	0	0	0	0	0	0	0	0;
	38	830	21.7327	300	-150	1.0265	100	1	865	0	0	0	0	0	0	0	0	0	0	0	0;
	39	1000	78.4674	300	-100	1.03	100	1	1100	0	0	0	0	0	0	0	0	0	0	0	0;
];
